[BD]
SERVERNAME=PC-215\SQL2014
NOMBD=GEODB_CATASTRO
PROYECCION=32718
COD_PROYEC=3168
ZONE=18S
XMIN=828479.92189160012640059
YMIN=8523182.97224859893321991
XMAX=833572.3607454972807318
YMAX=8527928.71366803348064423
