[BD]
SERVERNAME=PC-220\SQL2014
NOMBD=GEODB_CATASTRO
PROYECCION=32719
COD_PROYEC=3169
ZONE=19S
XMIN=213612.38146232115104795
YMIN=8485759.39965854957699776
XMAX=218661.14563602465204895
YMAX=8486102.37143182381987572
ACTUALIZADO=N
